1 1
0 1
0 2
0 3
0 4
1 4
1 5
1 6
2 6
3 6
3 7
4 7
5 7
5 8
5 9
5 10
6 10
6 9
7 9
7 10
8 10
9 10
9 11
10 11
11 11
11 10
12 10
12 11
13 11
13 10
14 10
15 10
15 9
14 9
13 9
12 9
11 9
11 8
11 7
12 7
12 8
13 8
13 7
14 7
15 7
15 8
16 8
17 8
17 9
18 9
18 8
19 8
19 7
18 7
17 7
17 6
17 5
16 5
16 4
16 3
17 3
17 2
18 2
19 2
19 3
18 3
18 4
19 4
20 4
20 5
20 6
20 7
20 8
20 9
20 10
19 10
18 10
18 11
19 11
20 11
21 11
21 10
22 10
22 11
23 11
23 10
23 9
23 8
23 7
23 6
22 6
21 6
21 5
21 4
21 3
22 3
22 4
22 5
23 5
23 4
23 3
23 2
22 2
22 1
21 1
21 2
20 2
20 1
20 0
19 0
18 0
18 1
17 1
16 1
16 0
15 0
14 0
14 1
14 2
13 2
13 1
13 0
12 0
11 0
10 0
10 1
10 2
9 2
9 3
8 3
7 3
7 2
8 2
8 1
7 1
7 0
6 0
6 1
6 2
5 2
5 3
4 3
3 3
3 4
2 4
2 5
3 5
4 5
4 6
5 6
